# Apple ModelIO OBJ File: bed
mtllib bed.mtl
g 
v 0.440101 0.0723336 0.0839095
v -0.0156147 0.0620682 0.448257
v -0.0115318 -0.0935937 0.448978
v 0.444183 -0.0833284 0.0846305
v 0.443399 -0.202897 0.0802811
v 0.433107 -0.2024 0.068471
v 0.433891 -0.0828313 0.0728203
v 0.429808 0.0728307 0.0720994
v -0.0259069 0.0625653 0.436447
v 0.43185 -0.00500035 0.0724598
v -0.0238655 -0.0152657 0.436808
v -0.0218241 -0.0930966 0.437168
v 0.414187 -0.005566 0.0503514
v 0.412145 0.0722649 0.049991
v 0.431588 0.00499249 0.0724136
v -0.0241276 -0.00527286 0.436761
v -0.424502 -0.0280962 -0.0646584
v -0.42246 -0.105927 -0.0642979
v 0.0332549 -0.0956618 -0.428646
v 0.0243609 -0.0959466 -0.439778
v 0.0223196 -0.0181156 -0.440138
v 0.0312135 -0.0178309 -0.429006
v -0.04357 0.0619996 0.414339
v -0.0415287 -0.0158313 0.414699
v -0.0301259 0.223408 0.435702
v -0.047789 0.222842 0.413593
v 0.407926 0.233107 0.0492456
v 0.425589 0.233673 0.071354
v -0.0213567 0.223689 0.446678
v 0.434359 0.233954 0.0823302
v -0.433396 -0.0283811 -0.0757907
v -0.431354 -0.106212 -0.0754302
v 0.0361365 -0.205537 -0.428136
v 0.0272426 -0.205822 -0.439268
v -0.428473 -0.216088 -0.0749208
v -0.419579 -0.215803 -0.0637885
v -0.0226081 -0.212665 0.432819
v -0.0123158 -0.213162 0.444629
v -0.424764 -0.0181034 -0.0647047
v 0.0309513 -0.00783801 -0.429052
v 0.413069 0.0043993 0.0492345
v -0.0426462 -0.00586605 0.413582
v 0.0151011 -0.00819504 -0.41638
v 0.415737 0.00463569 0.085086
v 0.0221821 -0.00811887 -0.440029
v -0.433533 -0.0183841 -0.0756808
v -0.0132904 -0.00502884 0.428097
v -0.413927 -0.0178592 -0.073369
v -0.411623 -0.105683 -0.0729622
v -0.0109869 -0.0928526 0.428504
v 0.418041 -0.0831883 0.0854928
v 0.0174046 -0.0960187 -0.415973
v -0.0403427 -0.0936899 0.413989
v 0.415373 -0.0834243 0.0496412
vn 0.624061 0.0199863 0.78112
vn 0.75415 0.0189325 -0.65643
vn 0.00655335 0.999318 0.0363519
vn 0.754135 0.0167393 -0.656506
vn -0.754136 -0.0167393 0.656505
vn 0.780935 0.0175913 -0.624365
vn 0.624061 0.0199849 0.78112
vn -0.780936 -0.0175909 0.624363
vn 0.0262192 -0.999645 0.00462959
vn 0.780937 0.0175909 -0.624363
vn 0.02622 -0.999645 0.00463064
vn -0.780934 -0.0175905 0.624366
vn 0.0262188 -0.999645 0.00462905
vn -0.780935 -0.0175908 0.624364
vn -0.624061 -0.0199892 -0.78112
vn 0.780935 0.0175911 -0.624365
vn -0.0262214 0.999645 -0.00463237
vn -0.780937 -0.0175911 0.624363
vn -0.02622 0.999645 -0.00463097
vn 0.780934 0.0175909 -0.624366
vn 0.624061 0.019989 0.78112
vn -0.780937 -0.0175906 0.624362
vn -0.624061 -0.0199863 -0.78112
vn 0.780935 0.0175865 -0.624365
vn -0.624061 -0.0199888 -0.78112
vn -0.780937 -0.0175868 0.624363
vn 0.0262174 -0.999646 0.00462735
vn -0.624577 0.0324786 -0.780287
vn -0.754152 -0.0189331 0.656427
vn 0.624577 -0.0324786 0.780287
vn -0.00654373 -0.999318 -0.0363401
vn -0.780936 -0.0175911 0.624363
vn 0.0262228 -0.999645 0.00463398
vn 0.780936 0.0175926 -0.624363
vn 0.624061 0.0199852 0.78112
vn -0.0262192 0.999645 -0.00462959
vn -0.0262145 0.999646 -0.00463363
vn 0.780936 0.0175911 -0.624363
vn 0.780936 0.0175986 -0.624364
vn -0.0262174 0.999646 -0.00462746
vn -0.780932 -0.0175925 0.624368
vn -0.624061 -0.0199901 -0.78112
vn -0.0262172 0.999645 -0.00463107
vn 0.0262174 -0.999645 0.0046309
vn 0.624059 0.0199857 0.781122
vn 0.780936 0.0175909 -0.624363
vn 0.624061 0.0199857 0.78112
vn 0.0262165 -0.999646 0.00463163
vn -0.624061 -0.0199859 -0.78112
vn -0.780935 -0.0175909 0.624365
vn 0.0262219 -0.999645 0.00463262
vn 0.624061 0.0199885 0.78112
vt 0.147866 0.957206
vt 0.172657 1.01003
vt 0.15856 1.01665
vt 0.133769 0.963821
vt -0.0831508 0.907156
vt -0.0844024 0.9081
vt -0.0916035 0.898544
vt -0.0903518 0.897601
vt 0.00385509 1.02665
vt -0.0142079 1.08213
vt -0.0156767 1.08159
vt 0.0023863 1.0261
vt -0.0913559 0.898391
vt -0.0963484 0.892417
vt -0.101341 0.886442
vt -0.100087 0.885502
vt -0.0901021 0.897451
vt 0.101961 0.887067
vt 0.103215 0.888008
vt 0.0982221 0.893983
vt 0.0932295 0.899957
vt 0.0919758 0.899016
vt -0.0918124 0.888425
vt -0.0964725 0.882188
vt -0.0942051 0.880494
vt -0.089545 0.886731
vt 0.141824 0.960113
vt 0.166616 1.01294
vt 0.165711 1.01336
vt 0.14092 0.960538
vt 0.140974 0.925155
vt 0.136314 0.931392
vt 0.0848845 0.892968
vt 0.0895446 0.88673
vt -0.0370029 1.1004
vt -0.0563111 1.04533
vt 0.00427126 1.02409
vt 0.0235794 1.07915
vt -0.137455 0.932245
vt -0.142116 0.926008
vt -0.140974 0.925155
vt -0.136314 0.931392
vt 0.00572552 1.02351
vt 0.0250337 1.07858
vt 0.0235797 1.07915
vt 0.00427146 1.02409
vt 0.0964727 0.882188
vt 0.0918126 0.888425
vt 0.0895452 0.886731
vt 0.0942053 0.880494
vt 0.0209084 1.08009
vt 0.00160023 1.02502
vt 0.00427116 1.02409
vt 0.0235793 1.07915
vt 0.103835 0.867604
vt 0.106103 0.869298
vt 0.0964723 0.882187
vt 0.0942049 0.880493
vt -0.187325 1.00322
vt -0.162534 0.950395
vt -0.147968 0.95723
vt -0.172759 1.01006
vt -0.106103 0.869298
vt -0.103836 0.867604
vt -0.0942052 0.880494
vt -0.0964725 0.882188
vt -0.00160088 1.02502
vt -0.0209091 1.08009
vt -0.0235801 1.07915
vt -0.0042718 1.02409
vt 0.0929025 0.879623
vt 0.102709 0.866762
vt 0.103835 0.867603
vt 0.0942045 0.880493
vt -0.0249057 1.07869
vt -0.00559752 1.02362
vt -0.00427148 1.02409
vt -0.0235797 1.07915
vt -0.10271 0.866763
vt -0.0929034 0.879624
vt -0.0942053 0.880494
vt -0.103836 0.867604
vt 0.162534 0.950395
vt 0.187325 1.00322
vt 0.172657 1.01003
vt 0.147866 0.957206
vt 0.0576558 1.0458
vt 0.0383475 1.10087
vt 0.0370026 1.1004
vt 0.0563109 1.04533
vt 0.142115 0.926008
vt 0.137455 0.932245
vt 0.136313 0.931392
vt 0.140973 0.925155
vt -0.158662 1.01667
vt -0.165711 1.01336
vt -0.14092 0.960538
vt -0.133871 0.963845
vt -0.129735 0.940198
vt -0.130877 0.941051
vt -0.137455 0.932245
vt -0.136314 0.931392
vt -0.123921 0.968515
vt -0.148712 1.02134
vt -0.158663 1.01667
vt -0.133871 0.963845
vt 0.130876 0.94105
vt 0.129734 0.940197
vt 0.136313 0.931392
vt 0.137455 0.932245
vt -0.0383482 1.10087
vt -0.0576563 1.0458
vt -0.0563114 1.04533
vt -0.0370033 1.1004
vt -0.122223 0.967327
vt -0.147775 1.01979
vt -0.158532 1.01455
vt -0.13298 0.962088
vt 0.0863497 0.909567
vt 0.085098 0.908624
vt 0.092299 0.899068
vt 0.0935507 0.900012
vt 0.147746 1.01973
vt 0.122195 0.967269
vt 0.132952 0.96203
vt 0.158503 1.01449
vt 0.0164558 1.08133
vt 0.014987 1.08188
vt -0.00307636 1.02639
vt -0.00160758 1.02584
vt 0.090143 0.88593
vt 0.141572 0.924354
vt 0.0895446 0.88673
vt -0.0383468 1.10087
vt -0.0576551 1.0458
vt -0.0563102 1.04533
vt -0.0370019 1.1004
vt -0.141572 0.924355
vt -0.0901432 0.88593
vt -0.0895449 0.886731
vt -0.140974 0.925155
vt -0.00147159 1.02507
vt -0.0207799 1.08014
vt -0.0235802 1.07915
vt -0.00427187 1.02409
vt 0.158662 1.01667
vt 0.133871 0.963845
vt 0.141824 0.960113
vt 0.166616 1.01294
vt 0.0563111 1.04533
vt 0.0370029 1.1004
vt -0.0235794 1.07915
vt -0.00427126 1.02409
vt 0.0556392 1.04724
vt -0.00494318 1.026
vt -0.00427161 1.02409
vt 0.0563107 1.04533
vt -0.136314 0.931392
vt -0.140974 0.925155
vt -0.0895447 0.88673
vt -0.0848846 0.892968
vt -0.142116 0.926009
vt -0.142699 0.925196
vt -0.141573 0.924355
vt -0.140975 0.925156
vt 0.0576375 1.04579
vt 0.0383294 1.10086
vt 0.0370034 1.1004
vt 0.0563115 1.04533
vt 0.142699 0.925197
vt 0.142117 0.92601
vt 0.140975 0.925157
vt 0.141573 0.924356
vt -0.166616 1.01294
vt -0.141825 0.960113
vt -0.14092 0.960538
vt -0.165711 1.01336
vt -0.0231204 1.07785
vt 0.0374619 1.09909
vt 0.0370028 1.1004
vt -0.0235796 1.07916
vt -0.166026 1.01168
vt -0.158073 1.01542
vt -0.158662 1.01667
vt -0.166616 1.01294
vt -0.0374619 1.09909
vt 0.0231204 1.07785
vt 0.0235796 1.07916
vt -0.0370028 1.1004
vt 0.158073 1.01542
vt 0.166026 1.01168
vt 0.166616 1.01294
vt 0.158662 1.01667
vt -0.0848845 0.892968
vt -0.141572 0.924354
vt -0.0901429 0.88593
vt 0.142687 0.96195
vt 0.134733 0.965683
vt 0.00494297 1.026
vt -0.0556394 1.04724
vt -0.0563109 1.04533
vt 0.00427141 1.02409
vt -0.134733 0.965683
vt -0.142687 0.96195
vt -0.141824 0.960113
vt -0.133871 0.963845
vt 0.136314 0.931392
vt 0.0848846 0.892968
vt 0.090143 0.88593
vt 0.141572 0.924354
vt 0.0925206 0.887706
vt 0.0872622 0.894744
vt 0.084885 0.892968
vt 0.0901434 0.88593
vt 0.0207798 1.08014
vt 0.00147153 1.02507
vt 0.00427181 1.02409
vt 0.0235801 1.07915
vt -0.0872623 0.894744
vt -0.0925207 0.887706
vt -0.0901435 0.88593
vt -0.0848851 0.892968
vt -0.141824 0.960113
vt -0.172759 1.01006
vt -0.147968 0.95723
vt -0.14092 0.960538
vt 0.148712 1.02134
vt 0.123921 0.968515
vt 0.133871 0.963845
vt 0.158662 1.01667
usemtl material_1
f 1/1/1 2/2/1 3/3/1 4/4/1 
f 5/5/2 6/6/2 7/7/2 4/8/2 
f 8/9/3 9/10/3 2/11/3 1/12/3 
f 7/13/4 10/14/4 8/15/4 1/16/4 
f 4/17/4 2/18/5 9/19/5 11/20/5 
f 12/21/5 3/22/5 13/23/6 14/24/6 
f 8/25/6 10/26/6 15/27/7 16/28/7 
f 11/29/7 10/30/7 17/31/8 18/32/8 
f 12/33/8 11/34/8 18/35/9 19/36/9 
f 7/37/9 12/38/9 20/39/10 21/40/10 
f 22/41/10 19/42/10 1/43/11 2/44/11 
f 9/45/11 8/46/11 23/47/12 24/48/12 
f 11/49/12 9/50/12 24/51/13 13/52/13 
f 10/53/13 11/54/13 25/55/14 26/56/14 
f 23/57/14 9/58/14 26/59/15 27/60/15 
f 14/61/15 23/62/15 27/63/16 28/64/16 
f 8/65/16 14/66/16 27/67/17 26/68/17 
f 25/69/17 28/70/17 2/71/18 29/72/18 
f 25/73/18 9/74/18 29/75/19 30/76/19 
f 28/77/19 25/78/19 30/79/20 1/80/20 
f 8/81/20 28/82/20 30/83/21 29/84/21 
f 2/85/21 1/86/21 21/87/19 31/88/19 
f 17/89/19 22/90/19 31/91/22 32/92/22 
f 18/93/22 17/94/22 32/95/23 31/96/23 
f 21/97/23 20/98/23 33/99/24 34/100/24 
f 20/101/24 19/102/24 34/103/25 35/104/25 
f 32/105/25 20/106/25 35/107/26 36/108/26 
f 18/109/26 32/110/26 35/111/27 34/112/27 
f 33/113/27 36/114/27 6/115/28 37/116/28 
f 12/117/28 7/118/28 37/119/29 38/120/29 
f 3/121/29 12/122/29 38/123/30 5/124/30 
f 4/125/30 3/126/30 38/127/31 37/128/31 
f 6/129/31 5/130/31 16/131/32 39/132/32 
f 17/31/32 11/133/32 31/134/33 21/135/33 
f 22/136/33 17/137/33 40/138/34 15/139/34 
f 10/140/34 22/141/34 41/142/17 42/143/17 
f 16/144/17 15/145/17 18/146/35 19/147/35 
f 40/148/35 39/149/35 19/150/36 18/151/36 
f 12/152/36 7/153/36 43/154/37 44/155/37 
f 15/156/37 40/157/37 19/158/38 22/159/38 
f 10/160/38 7/161/38 21/162/39 45/163/39 
f 40/164/39 22/165/39 45/166/40 46/167/40 
f 39/168/40 40/169/40 46/170/41 31/171/41 
f 17/172/41 39/173/41 46/174/42 45/175/42 
f 21/176/42 31/177/42 47/178/43 48/179/43 
f 39/180/43 16/181/43 48/182/23 49/183/23 
f 18/184/23 39/185/23 49/186/44 50/187/44 
f 12/188/44 18/189/44 50/190/45 47/191/45 
f 16/192/45 12/193/45 50/194/46 49/158/46 
f 48/195/46 47/196/46 44/197/47 51/198/47 
f 7/147/47 15/27/47 51/199/48 52/200/48 
f 19/201/48 7/202/48 52/203/49 43/204/49 
f 40/205/49 19/206/49 52/207/32 51/208/32 
f 44/209/32 43/210/32 42/211/50 53/212/50 
f 12/213/50 16/214/50 53/215/51 54/216/51 
f 7/217/51 12/218/51 54/219/16 41/220/16 
f 15/221/16 7/222/16 54/206/49 53/95/49 
f 42/185/49 41/223/49 24/96/23 23/224/23 
f 14/225/23 13/226/23 36/227/52 33/228/52 
s off
g _1
v -0.405743 -0.0489457 -0.0647906
v -0.0309105 -0.0432993 0.400234
v -0.0324907 0.0166774 0.400779
v -0.407323 0.0110309 -0.0642451
v 0.395093 0.0310789 0.0559509
v 0.396673 -0.0288976 0.0554053
v 0.0218406 -0.034544 -0.409619
v 0.0202604 0.0254327 -0.409074
vn -0.778143 -0.0262089 0.62754
vn 0.778143 0.0262089 -0.62754
vn -0.0263365 0.999612 0.0090913
vn 0.0263365 -0.999612 -0.0090913
vn -0.627535 -0.0094529 -0.778531
vn 0.627535 0.0094529 0.778531
vt 0.140545 0.927869
vt 0.0928359 0.89193
vt 0.096446 0.887137
vt 0.144155 0.923076
vt -0.096446 0.887137
vt -0.0928359 0.89193
vt -0.140545 0.927869
vt -0.144155 0.923076
vt -0.0175839 1.07812
vt 0.000515547 1.02623
vt 0.0569133 1.04591
vt 0.0388138 1.09779
vt -0.0569133 1.04591
vt -0.000515551 1.02623
vt 0.0175839 1.07812
vt -0.0388138 1.09779
vt -0.144796 0.960054
vt -0.139352 0.962575
vt -0.162443 1.01244
vt -0.167887 1.00992
vt 0.162443 1.01244
vt 0.139352 0.962575
vt 0.144796 0.960054
vt 0.167887 1.00992
usemtl material_2
f 55/231/53 56/232/53 57/233/53 58/234/53 
f 59/235/54 60/236/54 61/237/54 62/238/54 
f 57/239/55 59/240/55 62/241/55 58/242/55 
f 61/243/56 60/244/56 56/245/56 55/246/56 
f 62/247/57 61/248/57 55/249/57 58/250/57 
f 56/251/58 60/252/58 59/253/58 57/254/58 
s off
